[__def_unsaved]
__coloradjust=1.00000000 0 0 0 256 192
tr_left_id=97
tr_right_id=1958
[Mydaw]
__coloradjust=1.00000000 0 0 0 256 192
tr_left_id=97
tr_right_id=1958
